109 59 6431
1345
3403
5053
1840
5170
6052
4003
2626
1675
3553
5719
3312
3474
604
2451
6013
4245
3015
5644
2577
2738
4967
5175
5698
5767
1210
4974
2442
4309
2356
1213
2884
928
91
3276
1236
5910
39
1404
6042
5289
5529
6114
752
1348
4207
1241
6090
1803
598
3288
2610
6285
1175
5084
2956
4531
2341
4935
4023
4698
1922
2115
5399
6336
5500
5070
4669
878
6032
4929
2001
1295
6260
275
2695
555
5439
2874
1155
2994
2331
313
495
4958
999
3809
3887
4881
4103
6226
4422
4848
6352
3587
5570
1159
3641
2456
6062
6009
6154
2598
3494
800
3076
5707
6091
3099
2237
5202
773
5003
40
392
1250
5819
3692
168
6048
2501
72
2592
2250
3828
2787
3867
1883
3478
5788
2576
807
3328
4318
1104
3102
2345
3688
4148
5923
1005
3418
859
701
5943
4221
4043
4894
2547
1809
814
260
2929
1694
3105
4705
2174
726
179
13
3986
2014
5589
1843
2627
4538
3314
3546
3882
4701
2339
601
745
1096
5596
2095
5982
3317
3654
2368
1645
3259
1566
3771
705
478
4346
5291
3977
2961
3700
4105
6298
1269
667
2678
6374
3300
3042
229
1813
2333
385
3773
777
3756
165
1617
333
691
5583
693
5655
3971
297
4261
4458
6144
1046
5501
3748
6308
1367
4195
2525
866
3342
4554
4757
4046
2351
1033
1734
2845
5955
480
4418
2138
6227
5718
56
1835
1750
4288
24
5380
750
919
929
1387
4915
3150
4073
5188
269
1350
3583
386
1034
2416
3373
4759
4118
5629
3283
3877
4521
575
1407
3499
4840
603
3337
4374
2993
4852
5105
3712
364
242
4944
4347
156
5616
4875
1863
2823
5163
5392
3966
1294
4964
5067
781
2392
290
4009
5847
4700
1043
5393
5262
2933
447
3230
5930
1257
2029
2303
704
6051
2707
987
5814
3512
4835
423
1573
5180
5747
1100
4349
2220
2463
5065
4620
2893
1252
1980
539
3996
2374
2686
231
3550
5611
4826
99
6115
1486
2987
4636
1702
3393
4743
5323
5129
3961
1114
3200
5873
3535
5071
5965
2517
1515
3092
719
160
1568
5000
3983
1906
672
4899
1707
3573
288
3937
2569
2450
4717
2606
1101
1050
3859
3873
3228
450
4410
4416
5977
1890
3730
4399
4020
810
3436
2804
4479
4022
3310
283
3757
805
3256
1040
5285
345
5989
2265
2904
1648
716
52
3082
1625
3063
941
4077
5290
394
1322
2666
5942
2925
2404
2980
4384
3091
1949
4952
4635
406
1754
3041
149
174
6264
2222
2820
1912
4522
1871
3046
5413
1938
3558
5076
2668
4281
6203
338
5737
916
821
2901
1540
2230
3108
2162
660
37
1332
2764
3039
3327
3022
5896
1188
4182
4970
5283
4184
2711
2130
5939
5468
3918
3669
3464
506
5354
6166
3322
2973
4132
4480
505
4949
4527
1920
4810
2121
5615
3579
224
909
569
4290
96
2227
3000
3676
5548
367
6169
3430
1459
1076
5400
1470
1544
4136
3233
630
6174
3610
3223
270
2646
5222
5628
1134
2238
67
2412
486
4634
5541
115
1127
1986
1456
968
483
4526
624
3171
207
1021
4861
1359
5601
2275
3002
5176
563
975
3124
3137
1160
3174
4095
5938
4172
2279
1755
5301
1788
4427
5028
1685
2781
2816
4911
4397
3948
3963
1186
47
1692
6292
1427
3695
4400
4534
2449
967
5618
2887
5141
5008
1489
2156
3122
3065
4313
924
1338
3151
11
396
5167
5944
5517
5682
377
710
527
6110
1999
1223
2982
4456
6369
4199
1278
991
4567
3637
6060
5937
2876
640
6272
3070
1193
2688
303
397
1430
1152
2886
3845
3369
6006
3993
4404
4200
2574
2630
50
1800
4802
4615
5365
1129
2058
4734
3218
3240
882
4785
5054
3226
378
1132
2166
3220
162
4160
1847
1380
4663
4539
2629
5185
161
2864
208
5897
69
5821
3764
3446
1867
1576
5288
4233
4475
5269
5489
4674
5933
1365
515
5678
1624
585
5733
596
696
5763
2457
4849
1217
5226
1053
5753
1321
1370
4303
1011
4241
4262
5519
1352
3655
3664
3284
5173
6160
2489
6001
2217
2640
148
5328
4625
5725
4657
446
5657
4291
4752
3866
587
1839
3874
4413
2089
4463
2579
2810
1814
994
2024
5371
426
5461
3666
5058
2020
503
5246
1249
6378
2053
3167
1454
896
3636
2276
4298
384
5569
1842
2002
2899
1468
5383
858
5836
4304
2307
5880
6176
3682
70
2520
5403
1578
30
1080
4153
1595
2769
3219
4536
2521
268
3217
1944
5674
2871
460
4508
1513
5824
3872
1932
5242
2496
828
4084
151
5436
3111
2669
5577
1411
2252
3900
6065
6117
4640
6265
3518
4459
3826
2685
1911
721
232
4846
819
309
4693
4833
351
4726
2930
2990
4744
188
337
5875
5708
1918
4738
5274
3365
822
3868
3179
5117
1271
739
5956
2193
6057
5829
4390
3696
5352
6173
44
1584
1375
2775
3435
1508
2840
2108
5147
1565
4892
5497
4962
6183
3934
5112
3964
5406
1686
4947
4455
2560
5795
2828
5849
4772
4321
1212
1588
5720
4608
5113
2518
614
4731
3110
4754
3938
3865
4089
200
769
6250
6346
5598
2167
4516
1801
6074
10
98
3528
6278
923
42
1512
4528
2233
18
3778
957
5520
5790
5294
4085
1447
644
5025
832
4295
276
3991
2194
922
1037
6304
1859
5038
1783
6309
2663
5834
4439
5460
2060
3419
65
2340
3639
2384
2784
3759
3397
103
4868
1611
4212
3719
3005
5284
5480
4350
4044
4102
4186
2783
5408
1758
1794
274
1399
5347
3525
4711
2437
592
2019
5638
3607
5766
1784
3335
4302
6146
2602
2348
925
2634
4790
1925
4990
3885
4809
3976
1665
2061
2191
1704
2551
1802
939
1649
2012
1691
4996
6219
1781
6237
5816
3584
1682
2673
4330
1536
3477
2983
937
1577
5165
5872
2239
3432
4051
4354
2797
4227
5411
1866
280
3649
2319
120
4320
3750
6380
4645
14
5282
3653
1072
6
