0 1
1 1
2 16
3 8
4 8
5 8
6 32
7 32
8 8
9 4
10 8
11 32
12 16
13 16
14 4
15 32
16 8
17 32
18 8
19 32
20 16
21 8
22 32
23 8
24 32
25 4
26 16
27 4
28 32
29 32
30 32
31 8
32 4
33 16
34 16
35 32
36 16
37 16
38 4
39 8
40 1
41 4
42 2
43 16
44 4
45 16
46 16
47 16
48 32
49 16
50 4
51 4
52 16
53 16
54 32
55 8
56 32
57 8
58 32
59 16
60 16
61 16
62 16
63 32
64 4
65 16
66 4
67 32
68 8
69 32
70 16
71 32
72 16
73 2
74 16
75 32
76 32
77 8
78 4
79 4
80 16
81 2
82 2
83 2
84 16
85 8
86 8
87 16
88 32
89 32
90 8
91 2
92 4
93 32
94 32
95 32
96 4
97 32
98 16
99 16
100 8
101 32
102 16
103 8
104 16
105 4
106 32
107 8
108 32
109 4
110 32
111 32
112 16
113 8
114 4
115 16
116 16
117 16
118 8
119 16
120 8
121 16
122 2
123 4
124 4
125 8
126 8
127 8
128 16
129 16
130 16
131 8
132 4
133 8
134 32
135 16
136 32
137 8
138 16
139 8
140 32
141 16
142 16
143 8
144 8
145 32
146 8
147 32
148 8
149 32
150 8
151 16
152 32
153 32
154 16
155 2
156 8
157 16
158 32
159 16
160 8
161 4
162 16
163 4
164 2
165 2
166 16
167 8
168 4
169 8
170 16
171 32
172 16
173 4
174 8
175 32
176 32
177 16
178 8
179 32
180 16
181 16
182 4
183 16
184 16
185 16
186 32
187 8
188 32
189 16
190 16
191 8
192 32
193 32
194 16
195 4
196 2
197 16
198 32
199 32
200 8
201 16
202 8
203 8
204 2
205 2
206 4
207 8
208 4
209 4
210 16
211 32
212 32
213 8
214 4
215 16
216 16
217 32
218 32
219 8
220 16
221 4
222 16
223 16
224 32
225 16
226 8
227 32
228 16
229 16
230 8
231 32
232 8
233 16
234 16
235 16
236 16
237 4
238 16
239 16
240 32
241 16
242 8
243 8
244 16
245 4
246 1
247 1
248 8
249 8
250 8
251 16
252 16
253 32
254 16
255 2
256 8
257 32
258 32
259 16
260 4
261 16
262 16
263 32
264 8
265 16
266 16
267 16
268 16
269 8
270 32
271 16
272 16
273 4
274 16
275 32
276 32
277 8
278 2
279 16
280 32
281 16
282 16
283 8
284 8
285 8
286 1
287 1
288 4
289 16
290 8
291 8
292 16
293 32
294 16
295 16
296 4
297 16
298 16
299 16
300 16
301 8
302 32
303 8
304 16
305 16
306 32
307 8
308 16
309 32
310 16
311 16
312 4
313 16
314 8
315 32
316 32
317 16
318 16
319 4
320 8
321 32
322 32
323 16
324 4
325 4
326 8
327 4
328 2
329 2
330 8
331 8
332 16
333 8
334 32
335 32
336 16
337 2
338 4
339 16
340 32
341 32
342 8
343 16
344 16
345 32
346 8
347 32
348 16
349 16
350 16
351 4
352 16
353 16
354 32
355 8
356 16
357 32
358 32
359 8
360 4
361 16
362 32
363 16
364 8
365 4
366 8
367 16
368 2
369 2
370 4
371 16
372 4
373 8
374 16
375 32
376 16
377 8
378 2
379 16
380 32
381 32
382 16
383 8
384 32
385 8
386 32
387 8
388 32
389 8
390 8
391 16
392 16
393 32
394 8
395 16
396 8
397 32
398 16
399 32
400 8
401 4
402 8
403 16
404 16
405 16
406 8
407 8
408 8
409 4
410 4
411 2
412 16
413 8
414 16
415 8
416 16
417 16
418 16
419 4
420 8
421 16
422 32
423 32
424 4
425 32
426 8
427 32
428 4
429 16
430 8
431 16
432 32
433 8
434 16
435 16
436 32
437 4
438 32
439 32
440 32
441 4
442 2
443 8
444 32
445 32
446 16
447 8
448 8
449 16
450 2
451 2
452 2
453 16
454 4
455 4
456 8
457 32
458 32
459 16
460 2
461 16
462 32
463 16
464 32
465 8
466 32
467 4
468 16
469 4
470 32
471 16
472 16
473 16
474 16
475 32
476 8
477 32
478 8
479 32
480 16
481 16
482 4
483 4
484 16
485 32
486 16
487 16
488 16
489 4
490 16
491 2
492 4
493 1
494 8
495 4
496 16
497 16
498 32
499 16
500 16
501 4
502 8
503 32
504 32
505 32
506 4
507 16
508 4
509 32
510 8
511 32
512 8
513 16
514 32
515 8
516 32
517 8
518 32
519 4
520 16
521 16
522 32
523 8
524 4
525 8
526 32
527 32
528 8
529 8
530 8
531 16
532 1
